Harrington 2024 1 1 1 -6.8 -3.2 2.5 -999.9 0.5 3.4 3.4 330.0
Harrington 2024 1 2 2 -7.4 -2.0 4.8 -999.9 0.2 4.1 3.3 330.0
Harrington 2024 1 3 3 -7.3 -0.7 4.0 -999.9 0.2 2.3 3.7 330.0
Harrington 2024 1 4 4 -7.6 -0.9 2.5 -999.9 0.0 2.2 4.0 330.0
Harrington 2024 1 5 5 -9.9 -0.9 2.8 -999.9 1.7 5.7 3.4 330.0
Harrington 2024 1 6 6 -10.5 -7.4 3.5 -999.9 0.9 5.0 2.2 330.0
Harrington 2024 1 7 7 -10.5 -4.0 5.8 -999.9 0.0 4.3 2.6 330.0
Harrington 2024 1 8 8 -6.9 -3.7 4.1 -999.9 0.0 6.8 2.9 330.0
Harrington 2024 1 9 9 -11.9 -5.9 5.0 -999.9 0.0 4.5 2.3 330.0
Harrington 2024 1 10 10 -10.6 4.8 0.6 -999.9 9.9 8.8 4.3 330.0
Harrington 2024 1 11 11 -1.5 4.5 5.4 -999.9 0.0 4.5 5.8 330.0
Harrington 2024 1 12 12 -9.0 -1.4 5.0 -999.9 0.0 4.5 2.8 330.0
Harrington 2024 1 13 13 -10.4 4.3 1.8 -999.9 0.7 6.5 3.9 330.0
Harrington 2024 1 14 14 -0.5 5.5 4.7 -999.9 0.9 7.0 5.9 330.0
Harrington 2024 1 15 15 -9.8 -0.4 6.6 -999.9 0.0 5.5 2.8 330.0
Harrington 2024 1 16 16 -6.9 2.7 4.1 -999.9 25.1 5.1 4.3 330.0
Harrington 2024 1 17 17 -7.9 6.0 3.8 -999.9 1.2 7.7 4.7 330.0
Harrington 2024 1 18 18 -9.7 -7.0 6.6 -999.9 0.3 9.7 2.1 330.0
Harrington 2024 1 19 19 -11.4 -7.1 7.1 -999.9 0.3 8.4 1.9 330.0
Harrington 2024 1 20 20 -8.4 -0.2 6.0 -999.9 2.1 3.7 4.1 330.0
Harrington 2024 1 21 21 -7.9 -0.9 4.6 -999.9 0.7 6.3 3.9 330.0
Harrington 2024 1 22 22 -12.6 0.0 6.6 -999.9 0.2 5.9 2.7 330.0
Harrington 2024 1 23 23 -11.0 0.1 6.4 -999.9 0.0 7.1 2.5 330.0
Harrington 2024 1 24 24 -12.2 -3.3 6.1 -999.9 0.0 4.2 2.4 330.0
Harrington 2024 1 25 25 -6.5 1.0 4.5 -999.9 4.2 6.6 4.1 330.0
Harrington 2024 1 26 26 -10.3 -3.8 4.3 -999.9 1.7 1.5 3.0 330.0
Harrington 2024 1 27 27 -4.5 -1.7 4.4 -999.9 0.7 1.7 4.3 330.0
Harrington 2024 1 28 28 -2.7 -1.2 3.9 -999.9 0.0 3.0 4.6 330.0
Harrington 2024 1 29 29 -8.0 -1.4 2.7 -999.9 0.8 9.4 3.7 330.0
Harrington 2024 1 30 30 -7.7 -6.0 6.0 -999.9 0.0 7.3 2.6 330.0
Harrington 2024 1 31 31 -9.3 -4.8 6.9 -999.9 0.0 2.8 2.8 330.0
Harrington 2024 2 1 32 -5.1 -0.9 4.4 -999.9 0.0 2.1 4.0 330.0
Harrington 2024 2 2 33 -3.3 0.0 3.0 -999.9 3.2 3.3 5.1 330.0
Harrington 2024 2 3 34 -5.2 -3.3 2.6 -999.9 4.4 11.1 4.1 330.0
Harrington 2024 2 4 35 -4.5 -1.6 2.4 -999.9 8.2 12.8 4.5 330.0
Harrington 2024 2 5 36 -1.6 -0.7 3.7 -999.9 2.4 9.7 5.4 330.0
Harrington 2024 2 6 37 -3.4 -0.7 5.1 -999.9 0.0 7.3 4.8 330.0
Harrington 2024 2 7 38 -5.7 -2.0 8.0 -999.9 0.0 4.4 3.8 330.0
Harrington 2024 2 8 39 -6.4 -1.3 9.2 -999.9 0.0 3.0 4.0 330.0
Harrington 2024 2 9 40 -7.3 0.3 8.0 -999.9 0.0 2.0 4.1 330.0
Harrington 2024 2 10 41 -3.6 3.0 7.9 -999.9 1.2 5.3 4.9 330.0
Harrington 2024 2 11 42 0.5 5.2 7.6 -999.9 0.0 3.3 6.7 330.0
Harrington 2024 2 12 43 -3.8 2.9 8.5 -999.9 0.0 2.8 4.3 330.0
Harrington 2024 2 13 44 -4.3 -1.5 8.7 -999.9 0.0 4.1 3.7 330.0
Harrington 2024 2 14 45 -7.2 -1.8 7.0 -999.9 2.5 7.6 3.3 330.0
Harrington 2024 2 15 46 -8.5 -1.8 7.7 -999.9 0.8 8.8 3.2 330.0
Harrington 2024 2 16 47 -10.1 -4.6 7.4 -999.9 0.0 3.7 2.6 330.0
Harrington 2024 2 17 48 -9.7 -4.7 10.1 -999.9 0.0 3.8 2.4 330.0
Harrington 2024 2 18 49 -11.9 -6.6 9.3 -999.9 0.9 5.7 2.0 330.0
Harrington 2024 2 19 50 -9.9 -2.0 9.6 -999.9 0.0 4.7 3.0 330.0
Harrington 2024 2 20 51 -12.3 -8.2 9.5 -999.9 0.0 4.2 1.6 330.0
Harrington 2024 2 21 52 -15.3 -6.3 11.8 -999.9 0.0 3.2 1.7 330.0
Harrington 2024 2 22 53 -11.2 -1.6 8.0 -999.9 0.0 2.6 3.2 330.0
Harrington 2024 2 23 54 -10.5 2.5 5.6 -999.9 7.4 4.7 4.2 330.0
Harrington 2024 2 24 55 -12.6 2.6 2.4 -999.9 20.5 4.9 3.9 330.0
Harrington 2024 2 25 56 -15.5 -7.3 10.6 -999.9 0.0 4.3 1.8 330.0
Harrington 2024 2 26 57 -11.1 0.9 9.9 -999.9 0.0 5.1 3.5 330.0
Harrington 2024 2 27 58 -5.2 4.1 11.4 -999.9 0.2 5.3 4.6 330.0
Harrington 2024 2 28 59 3.3 9.4 8.2 -999.9 5.8 10.0 9.0 330.0
Harrington 2024 2 29 60 -12.1 9.5 8.7 -999.9 17.2 10.8 4.5 330.0
Harrington 2024 3 1 61 -14.3 -7.3 12.8 -999.9 0.0 7.8 1.4 330.0
Harrington 2024 3 2 62 -10.1 6.0 13.9 -999.9 0.7 4.8 3.6 330.0
Harrington 2024 3 3 63 1.5 7.2 7.0 -999.9 11.4 4.1 7.9 330.0
Harrington 2024 3 4 64 -5.3 2.0 15.0 -999.9 0.0 5.8 4.3 330.0
Harrington 2024 3 5 65 -5.4 6.1 13.2 -999.9 2.7 5.7 4.7 330.0
Harrington 2024 3 6 66 -0.1 6.5 7.6 -999.9 23.6 3.7 7.4 330.0
Harrington 2024 3 7 67 -2.2 0.2 2.5 -999.9 23.1 1.5 5.4 330.0
Harrington 2024 3 8 68 -3.0 -0.8 11.2 -999.9 7.0 0.0 4.8 330.0
Harrington 2024 3 9 69 -2.8 1.6 16.7 -999.9 0.6 1.2 5.2 330.0
Harrington 2024 3 10 70 -2.6 1.4 6.4 -999.9 12.7 8.9 5.1 330.0
Harrington 2024 3 11 71 -0.3 6.9 12.4 -999.9 1.1 7.8 7.0 330.0
Harrington 2024 3 12 72 -1.6 -0.2 8.3 -999.9 3.0 5.6 5.6 330.0
Harrington 2024 3 13 73 -0.5 1.6 10.3 -999.9 0.0 6.3 6.1 330.0
Harrington 2024 3 14 74 -0.8 2.9 17.7 -999.9 0.0 3.3 5.9 330.0
Harrington 2024 3 15 75 -1.0 6.9 11.6 -999.9 0.4 2.7 6.6 330.0
Harrington 2024 3 16 76 -2.9 7.1 17.3 -999.9 0.3 2.6 5.8 330.0
Harrington 2024 3 17 77 0.3 5.4 10.9 -999.9 4.6 7.1 6.4 330.0
Harrington 2024 3 18 78 -0.6 8.1 15.7 -999.9 0.2 6.3 6.6 330.0
Harrington 2024 3 19 79 -2.6 2.6 13.6 -999.9 0.0 3.4 5.4 330.0
Harrington 2024 3 20 80 -2.2 5.5 16.4 -999.9 0.0 3.7 5.1 330.0
Harrington 2024 3 21 81 -3.6 3.6 9.7 -999.9 6.2 9.3 4.8 330.0
Harrington 2024 3 22 82 -6.5 0.4 16.6 -999.9 0.2 11.4 3.0 330.0
Harrington 2024 3 23 83 -6.9 3.6 12.7 -999.9 5.6 5.5 3.5 330.0
Harrington 2024 3 24 84 -1.8 9.4 14.9 -999.9 14.4 8.4 6.1 330.0
Harrington 2024 3 25 85 -2.5 2.1 19.1 -999.9 0.0 5.1 3.4 330.0
Harrington 2024 3 26 86 -2.6 4.8 13.6 -999.9 10.2 4.5 4.9 330.0
Harrington 2024 3 27 87 1.8 9.6 9.3 -999.9 0.0 6.4 8.6 330.0
Harrington 2024 3 28 88 3.5 13.9 5.4 -999.9 34.0 3.8 11.1 330.0
Harrington 2024 3 29 89 3.2 16.0 9.6 -999.9 22.8 4.2 11.7 330.0
Harrington 2024 3 30 90 -0.4 4.7 10.6 -999.9 1.3 8.8 6.1 330.0
Harrington 2024 3 31 91 -2.2 4.6 15.5 -999.9 0.0 4.8 4.2 330.0
Harrington 2024 4 1 92 -2.4 3.6 18.5 -999.9 0.0 3.9 4.0 330.0
Harrington 2024 4 2 93 -2.4 1.8 12.0 -999.9 0.5 4.3 5.2 330.0
Harrington 2024 4 3 94 -1.1 3.5 19.2 -999.9 0.0 6.5 5.8 330.0
Harrington 2024 4 4 95 -0.9 4.5 8.3 -999.9 7.3 6.4 5.9 330.0
Harrington 2024 4 5 96 0.4 5.5 7.8 -999.9 4.3 7.2 7.1 330.0
Harrington 2024 4 6 97 0.2 2.5 8.6 -999.9 2.5 4.9 6.4 330.0
Harrington 2024 4 7 98 -0.7 3.5 14.4 -999.9 0.0 8.3 6.0 330.0
Harrington 2024 4 8 99 -1.1 13.2 22.6 -999.9 0.0 4.0 6.1 330.0
Harrington 2024 4 9 100 -3.8 1.4 13.5 -999.9 0.0 6.7 4.6 330.0
Harrington 2024 4 10 101 -3.6 6.5 24.2 -999.9 0.0 2.7 4.3 330.0
Harrington 2024 4 11 102 -1.6 11.4 17.3 -999.9 0.0 5.6 5.9 330.0
Harrington 2024 4 12 103 3.3 13.5 10.6 -999.9 4.6 9.0 9.9 330.0
Harrington 2024 4 13 104 5.7 16.2 11.2 -999.9 6.7 9.0 12.1 330.0
Harrington 2024 4 14 105 5.0 9.6 10.2 -999.9 0.0 7.2 8.0 330.0
Harrington 2024 4 15 106 4.2 11.7 13.7 -999.9 0.0 4.1 8.4 330.0
Harrington 2024 4 16 107 2.6 14.3 21.8 -999.9 0.0 2.5 8.1 330.0
Harrington 2024 4 17 108 1.6 5.7 11.7 -999.9 0.0 3.9 7.0 330.0
Harrington 2024 4 18 109 -0.7 5.5 23.9 -999.9 0.0 5.8 6.0 330.0
Harrington 2024 4 19 110 -0.2 6.4 24.0 -999.9 0.0 4.0 5.5 330.0
Harrington 2024 4 20 111 2.4 7.8 7.1 -999.9 6.8 6.4 7.0 330.0
Harrington 2024 4 21 112 3.4 13.2 24.3 -999.9 0.2 3.9 7.7 330.0
Harrington 2024 4 22 113 -2.8 9.0 23.9 -999.9 0.0 5.1 5.0 330.0
Harrington 2024 4 23 114 -3.6 11.8 26.0 -999.9 0.0 5.5 4.2 330.0
Harrington 2024 4 24 115 -0.9 11.7 18.1 -999.9 1.8 3.3 6.8 330.0
Harrington 2024 4 25 116 -2.9 5.1 20.9 -999.9 0.0 7.9 4.0 330.0
Harrington 2024 4 26 117 -3.3 5.8 26.1 -999.9 0.0 2.2 3.8 330.0
Harrington 2024 4 27 118 -4.4 7.3 27.3 -999.9 0.0 2.4 4.2 330.0
Harrington 2024 4 28 119 -4.6 13.5 27.0 -999.9 0.0 1.2 4.6 330.0
Harrington 2024 4 29 120 2.3 8.0 12.0 -999.9 1.4 5.8 6.6 330.0
Harrington 2024 4 30 121 1.5 3.4 14.4 -999.9 0.2 9.7 6.0 330.0
Harrington 2024 5 1 122 2.4 5.7 17.0 -999.9 0.0 4.6 7.3 330.0
Harrington 2024 5 2 123 2.6 4.8 11.0 -999.9 2.7 4.7 7.8 330.0
Harrington 2024 5 3 124 2.4 4.7 9.0 -999.9 1.5 7.6 7.7 330.0
Harrington 2024 5 4 125 0.9 9.3 20.2 -999.9 0.0 4.4 7.8 330.0
Harrington 2024 5 5 126 1.2 14.3 23.2 -999.9 0.0 2.2 8.1 330.0
Harrington 2024 5 6 127 5.2 13.4 11.8 -999.9 1.7 6.1 10.1 330.0
Harrington 2024 5 7 128 5.5 14.3 26.5 -999.9 1.3 3.4 9.0 330.0
Harrington 2024 5 8 129 3.4 7.6 17.0 -999.9 0.2 3.5 7.5 330.0
Harrington 2024 5 9 130 2.8 6.4 9.5 -999.9 8.3 5.6 8.0 330.0
Harrington 2024 5 10 131 1.5 8.4 19.1 -999.9 0.0 4.3 7.7 330.0
Harrington 2024 5 11 132 0.9 9.7 20.1 -999.9 0.2 2.5 7.7 330.0
Harrington 2024 5 12 133 1.7 8.1 14.0 -999.9 0.0 5.6 7.6 330.0
Harrington 2024 5 13 134 -0.1 16.0 28.1 -999.9 0.0 1.5 7.9 330.0
Harrington 2024 5 14 135 2.8 17.9 28.3 -999.9 0.0 2.0 7.7 330.0
Harrington 2024 5 15 136 6.0 20.6 27.4 -999.9 0.0 2.1 10.4 330.0
Harrington 2024 5 16 137 5.9 18.5 22.5 -999.9 0.0 3.0 11.3 330.0
Harrington 2024 5 17 138 5.6 14.6 27.0 -999.9 0.0 3.4 10.7 330.0
Harrington 2024 5 18 139 6.4 18.5 22.0 -999.9 0.0 3.5 11.9 330.0
Harrington 2024 5 19 140 7.4 16.3 14.1 -999.9 0.0 5.0 11.5 330.0
Harrington 2024 5 20 141 6.7 20.0 25.4 -999.9 0.0 3.6 10.5 330.0
Harrington 2024 5 21 142 10.2 22.8 20.6 -999.9 0.8 6.6 14.2 330.0
Harrington 2024 5 22 143 9.8 22.2 13.2 -999.9 0.0 2.9 14.6 330.0
Harrington 2024 5 23 144 9.6 27.0 18.9 -999.9 3.8 3.0 17.5 330.0
Harrington 2024 5 24 145 11.7 25.1 25.9 -999.9 0.4 5.1 15.4 330.0
Harrington 2024 5 25 146 6.0 13.9 17.6 -999.9 0.0 4.0 10.5 330.0
Harrington 2024 5 26 147 3.4 12.7 16.4 -999.9 0.0 2.7 9.2 330.0
Harrington 2024 5 27 148 3.0 16.3 26.1 -999.9 0.0 3.7 9.5 330.0
Harrington 2024 5 28 149 9.8 18.3 9.8 -999.9 6.1 9.6 14.6 330.0
Harrington 2024 5 29 150 8.8 22.1 23.9 -999.9 0.0 5.5 14.3 330.0
Harrington 2024 5 30 151 7.3 16.8 27.9 -999.9 0.0 1.9 9.7 330.0
Harrington 2024 5 31 152 5.7 14.6 19.9 -999.9 0.0 2.6 9.9 330.0
Harrington 2024 6 1 153 5.9 10.9 13.4 -999.9 0.6 6.5 9.5 330.0
Harrington 2024 6 2 154 7.4 10.0 9.8 -999.9 8.5 7.7 10.5 330.0
Harrington 2024 6 3 155 7.5 12.5 19.4 -999.9 0.0 4.4 12.0 330.0
Harrington 2024 6 4 156 8.9 14.0 25.5 -999.9 0.0 5.3 12.7 330.0
Harrington 2024 6 5 157 8.7 16.2 18.0 -999.9 0.0 5.8 12.7 330.0
Harrington 2024 6 6 158 6.0 15.8 21.4 -999.9 0.0 2.3 12.1 330.0
Harrington 2024 6 7 159 6.2 19.1 22.7 -999.9 0.0 2.3 13.4 330.0
Harrington 2024 6 8 160 9.6 19.6 12.4 -999.9 7.4 3.3 15.3 330.0
Harrington 2024 6 9 161 12.8 21.0 17.8 -999.9 3.7 4.6 16.7 330.0
Harrington 2024 6 10 162 12.4 20.4 22.4 -999.9 0.0 6.3 14.8 330.0
Harrington 2024 6 11 163 11.3 19.1 22.3 -999.9 0.0 2.7 15.0 330.0
Harrington 2024 6 12 164 10.7 22.6 20.6 -999.9 0.0 1.0 16.1 330.0
Harrington 2024 6 13 165 12.6 24.5 28.1 -999.9 0.0 4.9 16.1 330.0
Harrington 2024 6 14 166 13.5 27.3 25.3 -999.9 0.0 6.5 17.5 330.0
Harrington 2024 6 15 167 9.4 17.1 5.5 -999.9 11.3 2.7 13.8 330.0
Harrington 2024 6 16 168 9.4 19.0 31.0 -999.9 0.0 4.4 10.6 330.0
Harrington 2024 6 17 169 11.1 23.4 28.2 -999.9 0.0 6.4 11.8 330.0
Harrington 2024 6 18 170 14.5 26.2 23.8 -999.9 0.0 6.3 16.4 330.0
Harrington 2024 6 19 171 17.6 31.5 27.5 -999.9 0.0 6.8 23.4 330.0
Harrington 2024 6 20 172 18.9 31.8 21.5 -999.9 0.0 5.0 24.6 330.0
Harrington 2024 6 21 173 13.7 23.7 23.0 -999.9 0.0 3.3 12.2 330.0
Harrington 2024 6 22 174 11.3 25.0 26.3 -999.9 0.2 3.3 13.4 330.0
Harrington 2024 6 23 175 13.7 20.6 13.7 -999.9 24.6 6.0 17.2 330.0
Harrington 2024 6 24 176 14.5 19.4 11.8 -999.9 1.6 4.8 18.2 330.0
Harrington 2024 6 25 177 13.4 16.9 10.2 -999.9 23.3 4.5 16.6 330.0
Harrington 2024 6 26 178 13.4 26.5 20.8 -999.9 0.0 5.6 19.3 330.0
Harrington 2024 6 27 179 16.0 19.3 9.3 -999.9 9.4 4.7 18.1 330.0
Harrington 2024 6 28 180 9.4 17.8 21.1 -999.9 0.0 3.6 13.0 330.0
Harrington 2024 6 29 181 10.2 22.1 21.2 -999.9 0.0 4.8 13.8 330.0
Harrington 2024 6 30 182 12.9 21.9 14.0 -999.9 0.7 7.2 17.5 330.0
Harrington 2024 7 1 183 12.9 18.9 17.4 -999.9 0.0 2.4 16.1 330.0
Harrington 2024 7 2 184 14.7 21.4 29.3 -999.9 0.2 0.8 14.0 330.0
Harrington 2024 7 3 185 12.6 26.6 28.1 -999.9 0.0 1.3 13.3 330.0
Harrington 2024 7 4 186 14.8 23.7 15.6 -999.9 0.0 4.2 15.0 330.0
Harrington 2024 7 5 187 15.0 25.3 20.8 -999.9 0.0 5.1 18.5 330.0
Harrington 2024 7 6 188 16.3 20.0 7.2 -999.9 3.8 5.0 19.3 330.0
Harrington 2024 7 7 189 17.9 24.0 17.0 -999.9 0.3 1.4 23.5 330.0
Harrington 2024 7 8 190 17.3 28.9 24.0 -999.9 0.0 2.2 24.0 330.0
Harrington 2024 7 9 191 19.2 28.1 20.8 -999.9 0.6 4.3 24.2 330.0
Harrington 2024 7 10 192 19.2 28.4 25.2 -999.9 1.3 3.7 24.5 330.0
Harrington 2024 7 11 193 19.6 22.8 5.4 -999.9 29.6 1.9 24.6 330.0
Harrington 2024 7 12 194 18.1 23.3 13.2 -999.9 0.0 2.6 23.2 330.0
Harrington 2024 7 13 195 18.8 28.7 22.7 -999.9 0.0 4.5 25.1 330.0
Harrington 2024 7 14 196 18.8 28.9 26.0 -999.9 0.0 2.5 24.3 330.0
Harrington 2024 7 15 197 19.4 30.1 22.3 -999.9 0.0 3.7 23.5 330.0
Harrington 2024 7 16 198 19.5 28.1 17.8 -999.9 4.4 4.4 25.4 330.0
Harrington 2024 7 17 199 19.6 26.4 20.6 -999.9 0.4 4.1 24.8 330.0
Harrington 2024 7 18 200 19.1 23.9 9.9 -999.9 2.3 4.8 23.6 330.0
Harrington 2024 7 19 201 17.0 26.1 27.2 -999.9 0.0 4.0 19.2 330.0
Harrington 2024 7 20 202 15.8 26.7 26.7 -999.9 0.0 3.4 17.4 330.0
Harrington 2024 7 21 203 14.1 23.3 21.8 -999.9 0.0 2.6 17.4 330.0
Harrington 2024 7 22 204 13.6 24.1 24.0 -999.9 0.0 4.4 14.7 330.0
Harrington 2024 7 23 205 14.2 22.7 12.8 -999.9 0.0 1.5 17.2 330.0
Harrington 2024 7 24 206 15.1 23.4 22.0 -999.9 0.0 1.1 16.9 330.0
Harrington 2024 7 25 207 15.2 25.0 18.4 -999.9 5.0 3.0 18.3 330.0
Harrington 2024 7 26 208 14.1 22.5 18.3 -999.9 0.2 3.8 18.3 330.0
Harrington 2024 7 27 209 13.3 24.3 25.3 -999.9 0.0 1.0 16.0 330.0
Harrington 2024 7 28 210 15.5 28.0 23.4 -999.9 0.0 4.7 17.9 330.0
Harrington 2024 7 29 211 15.7 29.2 24.5 -999.9 0.0 5.2 20.9 330.0
Harrington 2024 7 30 212 16.0 24.7 19.7 -999.9 0.0 4.2 19.4 330.0
Harrington 2024 7 31 213 18.8 28.4 23.5 -999.9 0.0 5.5 23.0 330.0
Harrington 2024 8 1 214 20.4 26.7 16.6 -999.9 9.8 5.4 25.9 330.0
Harrington 2024 8 2 215 20.4 28.7 24.3 -999.9 0.0 2.0 26.5 330.0
Harrington 2024 8 3 216 20.3 28.2 14.2 -999.9 0.0 4.1 25.1 330.0
Harrington 2024 8 4 217 20.4 26.8 19.0 -999.9 0.0 2.9 26.2 330.0
Harrington 2024 8 5 218 17.4 25.8 19.3 -999.9 9.8 2.7 22.0 330.0
Harrington 2024 8 6 219 14.8 21.4 18.4 -999.9 11.4 2.9 16.5 330.0
Harrington 2024 8 7 220 14.5 23.7 24.5 -999.9 0.0 2.8 15.9 330.0
Harrington 2024 8 8 221 13.1 23.5 24.9 -999.9 0.0 1.6 12.5 330.0
Harrington 2024 8 9 222 14.7 22.0 9.5 -999.9 1.5 3.7 17.1 330.0
Harrington 2024 8 10 223 19.4 24.2 8.8 -999.9 8.6 6.0 24.9 330.0
Harrington 2024 8 11 224 16.1 27.0 24.0 -999.9 0.0 4.0 19.5 330.0
Harrington 2024 8 12 225 14.3 25.9 22.4 -999.9 0.0 3.4 17.8 330.0
Harrington 2024 8 13 226 13.8 23.5 18.6 -999.9 0.0 2.1 18.8 330.0
Harrington 2024 8 14 227 12.1 20.7 22.9 -999.9 0.0 3.2 15.1 330.0
Harrington 2024 8 15 228 11.1 23.9 23.5 -999.9 0.7 0.4 15.1 330.0
Harrington 2024 8 16 229 13.2 25.2 22.2 -999.9 0.0 2.0 17.2 330.0
Harrington 2024 8 17 230 15.1 25.8 22.6 -999.9 0.0 3.3 16.9 330.0
Harrington 2024 8 18 231 14.4 23.3 20.4 -999.9 0.0 4.2 17.6 330.0
Harrington 2024 8 19 232 17.2 27.0 14.1 -999.9 0.2 1.0 24.2 330.0
Harrington 2024 8 20 233 19.9 27.0 16.7 -999.9 20.3 3.9 25.6 330.0
Harrington 2024 8 21 234 18.2 21.1 11.1 -999.9 0.7 3.2 21.9 330.0
Harrington 2024 8 22 235 16.0 22.6 21.6 -999.9 0.2 2.4 17.6 330.0
Harrington 2024 8 23 236 14.4 21.7 16.4 -999.9 0.0 2.5 16.6 330.0
Harrington 2024 8 24 237 14.3 26.5 22.1 -999.9 0.0 3.7 17.4 330.0
Harrington 2024 8 25 238 16.7 28.3 21.6 -999.9 0.3 1.9 20.2 330.0
Harrington 2024 8 26 239 16.2 25.0 14.8 -999.9 0.0 1.8 19.5 330.0
Harrington 2024 8 27 240 16.2 25.9 21.4 -999.9 0.0 3.9 19.8 330.0
Harrington 2024 8 28 241 17.5 21.3 5.9 -999.9 6.7 5.5 19.1 330.0
Harrington 2024 8 29 242 8.6 17.7 17.1 -999.9 0.0 5.4 10.0 330.0
Harrington 2024 8 30 243 8.0 22.0 21.6 -999.9 0.0 2.9 11.6 330.0
Harrington 2024 8 31 244 12.0 23.1 21.5 -999.9 0.0 5.1 15.0 330.0
Harrington 2024 9 1 245 16.0 24.0 11.1 -999.9 0.0 6.4 19.6 330.0
Harrington 2024 9 2 246 10.3 20.0 15.0 -999.9 0.0 3.4 14.1 330.0
Harrington 2024 9 3 247 11.7 18.1 19.4 -999.9 0.0 3.4 10.8 330.0
Harrington 2024 9 4 248 10.5 22.6 20.3 -999.9 0.0 2.6 12.3 330.0
Harrington 2024 9 5 249 13.3 25.9 20.3 -999.9 0.0 4.7 16.6 330.0
Harrington 2024 9 6 250 13.3 20.9 11.6 -999.9 0.0 3.0 14.4 330.0
Harrington 2024 9 7 251 16.1 19.4 3.7 -999.9 14.5 6.0 19.0 330.0
Harrington 2024 9 8 252 12.0 21.9 11.0 -999.9 4.1 5.5 17.4 330.0
Harrington 2024 9 9 253 8.6 18.4 16.7 -999.9 0.2 3.2 11.8 330.0
Harrington 2024 9 10 254 11.5 20.7 19.5 -999.9 0.0 3.4 12.8 330.0
Harrington 2024 9 11 255 10.3 20.6 18.7 -999.9 0.0 2.1 13.7 330.0
Harrington 2024 9 12 256 10.6 20.1 18.6 -999.9 0.2 1.9 13.3 330.0
Harrington 2024 9 13 257 13.7 24.1 17.0 -999.9 0.2 3.0 17.8 330.0
Harrington 2024 9 14 258 7.9 16.9 15.5 -999.9 0.0 4.5 10.8 330.0
Harrington 2024 9 15 259 8.5 21.9 18.3 -999.9 0.0 2.0 12.6 330.0
Harrington 2024 9 16 260 13.4 26.0 17.9 -999.9 0.0 5.1 17.6 330.0
Harrington 2024 9 17 261 17.1 27.5 17.5 -999.9 0.0 4.7 20.2 330.0
Harrington 2024 9 18 262 15.4 28.6 17.0 -999.9 0.2 2.1 19.3 330.0
Harrington 2024 9 19 263 13.8 20.4 7.4 -999.9 0.0 4.1 16.8 330.0
Harrington 2024 9 20 264 10.6 19.0 16.4 -999.9 0.0 5.0 12.0 330.0
Harrington 2024 9 21 265 9.2 19.2 15.4 -999.9 0.0 2.3 12.5 330.0
Harrington 2024 9 22 266 8.7 17.9 13.1 -999.9 0.0 2.0 12.6 330.0
Harrington 2024 9 23 267 8.4 16.8 12.8 -999.9 0.0 1.5 10.8 330.0
Harrington 2024 9 24 268 9.4 17.1 9.9 -999.9 0.4 2.9 11.9 330.0
Harrington 2024 9 25 269 10.2 16.8 8.9 -999.9 0.0 1.5 12.4 330.0
Harrington 2024 9 26 270 10.2 17.0 7.0 -999.9 5.6 2.0 13.0 330.0
Harrington 2024 9 27 271 12.5 14.7 3.6 -999.9 17.8 3.7 14.9 330.0
Harrington 2024 9 28 272 11.7 16.7 13.3 -999.9 1.5 4.8 13.8 330.0
Harrington 2024 9 29 273 10.4 18.0 14.9 -999.9 0.0 1.0 13.0 330.0
Harrington 2024 9 30 274 12.1 16.4 7.4 -999.9 0.0 4.1 13.9 330.0
Harrington 2024 10 1 275 12.0 15.8 9.8 -999.9 0.0 5.2 11.6 330.0
Harrington 2024 10 2 276 12.1 14.6 11.0 -999.9 0.1 1.0 12.1 330.0
Harrington 2024 10 3 277 7.2 17.6 14.3 -999.9 0.2 1.9 11.5 330.0
Harrington 2024 10 4 278 10.5 20.3 12.2 -999.9 0.0 2.0 14.8 330.0
Harrington 2024 10 5 279 12.2 16.4 4.1 -999.9 0.5 0.5 15.0 330.0
Harrington 2024 10 6 280 11.7 15.9 7.5 -999.9 0.8 1.9 14.2 330.0
Harrington 2024 10 7 281 10.4 17.2 11.0 -999.9 0.0 2.3 12.9 330.0
Harrington 2024 10 8 282 10.9 16.8 7.1 -999.9 28.8 5.7 13.3 330.0
Harrington 2024 10 9 283 7.2 13.8 12.3 -999.9 0.0 3.3 9.6 330.0
Harrington 2024 10 10 284 5.2 12.8 9.8 -999.9 0.0 2.8 9.2 330.0
Harrington 2024 10 11 285 7.2 12.5 5.6 -999.9 0.0 5.1 8.5 330.0
Harrington 2024 10 12 286 7.6 12.1 3.7 -999.9 8.6 5.0 10.1 330.0
Harrington 2024 10 13 287 6.7 12.5 7.9 -999.9 0.0 4.9 8.1 330.0
Harrington 2024 10 14 288 7.1 16.4 1.7 -999.9 25.3 4.1 12.8 330.0
Harrington 2024 10 15 289 5.7 15.3 8.4 -999.9 0.0 5.9 9.7 330.0
Harrington 2024 10 16 290 4.0 8.5 5.6 -999.9 4.5 4.9 7.6 330.0
Harrington 2024 10 17 291 1.7 11.4 12.2 -999.9 0.0 3.7 7.1 330.0
Harrington 2024 10 18 292 3.2 11.4 11.2 -999.9 0.0 3.0 7.7 330.0
Harrington 2024 10 19 293 4.7 17.6 11.4 -999.9 0.0 3.9 9.8 330.0
Harrington 2024 10 20 294 8.4 18.5 9.9 -999.9 0.0 4.3 10.0 330.0
Harrington 2024 10 21 295 10.6 19.1 10.2 -999.9 0.0 4.2 11.1 330.0
Harrington 2024 10 22 296 5.8 11.7 11.2 -999.9 0.0 2.4 8.0 330.0
Harrington 2024 10 23 297 9.5 18.7 10.6 -999.9 0.0 6.6 13.2 330.0
Harrington 2024 10 24 298 9.1 15.7 6.2 -999.9 0.0 5.5 12.2 330.0
Harrington 2024 10 25 299 6.5 9.5 3.6 -999.9 0.0 9.8 8.4 330.0
Harrington 2024 10 26 300 2.2 12.2 6.8 -999.9 0.0 4.0 7.1 330.0
Harrington 2024 10 27 301 -0.4 6.5 6.9 -999.9 0.0 5.0 4.4 330.0
Harrington 2024 10 28 302 -0.4 5.5 7.6 -999.9 0.2 4.8 4.9 330.0
Harrington 2024 10 29 303 -3.8 6.8 8.5 -999.9 0.4 3.0 4.6 330.0
Harrington 2024 10 30 304 -2.7 9.8 3.7 -999.9 0.2 4.9 5.7 330.0
Harrington 2024 10 31 305 9.8 17.7 6.7 -999.9 0.0 6.5 13.2 330.0
Harrington 2024 11 1 306 5.6 14.9 2.3 -999.9 9.1 5.0 11.3 330.0
Harrington 2024 11 2 307 2.6 6.0 5.5 -999.9 0.0 4.3 5.6 330.0
Harrington 2024 11 3 308 2.3 4.3 3.5 -999.9 0.2 4.0 4.9 330.0
Harrington 2024 11 4 309 -0.3 6.3 8.5 -999.9 0.0 2.3 4.9 330.0
Harrington 2024 11 5 310 2.5 11.4 2.1 -999.9 3.3 4.6 9.0 330.0
Harrington 2024 11 6 311 7.2 17.9 3.1 -999.9 0.2 5.6 12.8 330.0
Harrington 2024 11 7 312 3.7 7.9 5.5 -999.9 0.0 3.8 6.3 330.0
Harrington 2024 11 8 313 -0.2 9.2 3.1 -999.9 0.9 4.9 6.4 330.0
Harrington 2024 11 9 314 0.3 4.5 5.0 -999.9 3.2 9.0 5.1 330.0
Harrington 2024 11 10 315 -1.1 6.6 7.9 -999.9 0.0 5.2 4.6 330.0
Harrington 2024 11 11 316 3.6 11.8 1.6 -999.9 7.3 4.6 8.8 330.0
Harrington 2024 11 12 317 1.6 9.9 2.3 -999.9 17.6 5.1 8.8 330.0
Harrington 2024 11 13 318 0.0 2.2 6.2 -999.9 0.2 12.4 4.4 330.0
Harrington 2024 11 14 319 0.4 2.5 3.2 -999.9 4.1 11.0 5.4 330.0
Harrington 2024 11 15 320 2.5 7.3 3.6 -999.9 12.4 8.4 8.5 330.0
Harrington 2024 11 16 321 5.6 6.9 4.0 -999.9 3.9 4.3 9.3 330.0
Harrington 2024 11 17 322 4.6 5.7 4.5 -999.9 1.8 6.5 8.7 330.0
Harrington 2024 11 18 323 4.0 4.8 2.7 -999.9 10.8 7.5 8.1 330.0
Harrington 2024 11 19 324 4.6 6.3 3.2 -999.9 19.4 8.6 8.8 330.0
Harrington 2024 11 20 325 5.0 6.1 2.6 -999.9 4.1 7.7 8.6 330.0
Harrington 2024 11 21 326 4.9 6.4 3.7 -999.9 1.9 7.6 8.7 330.0
Harrington 2024 11 22 327 5.4 8.0 3.9 -999.9 3.6 5.9 9.0 330.0
Harrington 2024 11 23 328 5.6 9.1 0.8 -999.9 41.7 9.0 9.5 330.0
Harrington 2024 11 24 329 2.6 7.2 2.2 -999.9 8.7 5.1 8.2 330.0
Harrington 2024 11 25 330 2.3 5.7 2.8 -999.9 8.9 7.1 7.8 330.0
Harrington 2024 11 26 331 2.7 5.0 3.6 -999.9 0.9 4.2 7.6 330.0
Harrington 2024 11 27 332 0.8 6.2 2.8 -999.9 0.9 2.1 7.3 330.0
Harrington 2024 11 28 333 -0.7 5.5 4.7 -999.9 3.2 2.9 5.8 330.0
Harrington 2024 11 29 334 0.2 4.0 3.5 -999.9 12.8 6.1 6.6 330.0
Harrington 2024 11 30 335 -1.7 3.9 5.3 -999.9 0.0 3.0 5.6 330.0
Harrington 2024 12 1 336 -2.8 2.3 5.6 -999.9 0.2 3.4 4.4 330.0
Harrington 2024 12 2 337 -5.2 1.4 6.1 -999.9 0.5 1.8 4.2 330.0
Harrington 2024 12 3 338 -5.6 -0.6 4.4 -999.9 0.5 2.7 4.0 330.0
Harrington 2024 12 4 339 -8.5 -2.3 4.0 -999.9 0.2 2.4 3.2 330.0
Harrington 2024 12 5 340 -6.1 5.2 0.4 -999.9 9.1 5.4 5.2 330.0
Harrington 2024 12 6 341 -6.5 0.6 2.1 -999.9 0.6 8.0 3.9 330.0
Harrington 2024 12 7 342 -10.0 -6.4 4.0 -999.9 0.2 5.3 2.3 330.0
Harrington 2024 12 8 343 -11.9 1.7 1.9 -999.9 3.5 5.3 3.5 330.0
Harrington 2024 12 9 344 -6.8 -1.7 3.5 -999.9 0.0 4.9 3.5 330.0
Harrington 2024 12 10 345 -3.1 1.3 2.2 -999.9 2.1 2.3 4.7 330.0
Harrington 2024 12 11 346 0.3 12.9 1.6 -999.9 6.6 4.3 9.6 330.0
Harrington 2024 12 12 347 0.8 14.0 1.7 -999.9 3.7 8.7 8.5 330.0
Harrington 2024 12 13 348 -6.3 1.3 4.7 -999.9 0.0 5.0 2.9 330.0
Harrington 2024 12 14 349 -7.1 -3.3 4.2 -999.9 0.0 4.3 2.7 330.0
Harrington 2024 12 15 350 -6.2 -1.6 5.3 -999.9 0.0 3.6 3.1 330.0
Harrington 2024 12 16 351 -7.6 2.3 5.7 -999.9 0.0 3.8 3.6 330.0
Harrington 2024 12 17 352 -0.8 8.7 1.7 -999.9 2.7 6.3 7.4 330.0
Harrington 2024 12 18 353 1.6 6.2 5.2 -999.9 0.0 4.2 6.5 330.0
Harrington 2024 12 19 354 -3.7 2.3 1.4 -999.9 7.6 4.1 5.1 330.0
Harrington 2024 12 20 355 -4.9 -0.9 3.5 -999.9 0.3 3.4 3.8 330.0
Harrington 2024 12 21 356 -7.7 -0.2 0.4 -999.9 8.3 9.5 4.2 330.0
Harrington 2024 12 22 357 -9.8 -6.5 2.0 -999.9 1.2 5.4 2.7 330.0
Harrington 2024 12 23 358 -14.1 -7.9 2.8 -999.9 1.1 3.7 2.1 330.0
Harrington 2024 12 24 359 -13.8 -2.7 1.3 -999.9 5.5 4.3 2.9 330.0
Harrington 2024 12 25 360 -5.6 -0.5 2.8 -999.9 0.0 4.1 4.2 330.0
Harrington 2024 12 26 361 -1.3 -0.6 2.5 -999.9 0.0 5.7 4.5 330.0
Harrington 2024 12 27 362 -10.2 0.0 4.5 -999.9 0.0 2.5 3.5 330.0
Harrington 2024 12 28 363 -9.8 1.6 3.4 -999.9 0.0 1.6 4.0 330.0
Harrington 2024 12 29 364 -6.5 1.7 1.4 -999.9 0.0 1.6 4.9 330.0
Harrington 2024 12 30 365 1.1 7.3 1.8 -999.9 0.6 4.7 8.0 330.0
Harrington 2024 12 31 366 -1.3 7.9 4.4 -999.9 3.8 4.7 7.2 330.0
Harrington 2024 1 1 1 -6.8 -3.2 2.5 -999.9 0.5 3.4 3.4 330.0
Harrington 2024 1 2 2 -7.4 -2.0 4.8 -999.9 0.2 4.1 3.3 330.0
Harrington 2024 1 3 3 -7.3 -0.7 4.0 -999.9 0.2 2.3 3.7 330.0
Harrington 2024 1 4 4 -7.6 -0.9 2.5 -999.9 0.0 2.2 4.0 330.0
Harrington 2024 1 5 5 -9.9 -0.9 2.8 -999.9 1.7 5.7 3.4 330.0
Harrington 2024 1 6 6 -10.5 -7.4 3.5 -999.9 0.9 5.0 2.2 330.0
Harrington 2024 1 7 7 -10.5 -4.0 5.8 -999.9 0.0 4.3 2.6 330.0
Harrington 2024 1 8 8 -6.9 -3.7 4.1 -999.9 0.0 6.8 2.9 330.0
Harrington 2024 1 9 9 -11.9 -5.9 5.0 -999.9 0.0 4.5 2.3 330.0
Harrington 2024 1 10 10 -10.6 4.8 0.6 -999.9 9.9 8.8 4.3 330.0
Harrington 2024 1 11 11 -1.5 4.5 5.4 -999.9 0.0 4.5 5.8 330.0
Harrington 2024 1 12 12 -9.0 -1.4 5.0 -999.9 0.0 4.5 2.8 330.0
Harrington 2024 1 13 13 -10.4 4.3 1.8 -999.9 0.7 6.5 3.9 330.0
Harrington 2024 1 14 14 -0.5 5.5 4.7 -999.9 0.9 7.0 5.9 330.0
Harrington 2024 1 15 15 -9.8 -0.4 6.6 -999.9 0.0 5.5 2.8 330.0
Harrington 2024 1 16 16 -6.9 2.7 4.1 -999.9 25.1 5.1 4.3 330.0
Harrington 2024 1 17 17 -7.9 6.0 3.8 -999.9 1.2 7.7 4.7 330.0
Harrington 2024 1 18 18 -9.7 -7.0 6.6 -999.9 0.3 9.7 2.1 330.0
Harrington 2024 1 19 19 -11.4 -7.1 7.1 -999.9 0.3 8.4 1.9 330.0
Harrington 2024 1 20 20 -8.4 -0.2 6.0 -999.9 2.1 3.7 4.1 330.0
Harrington 2024 1 21 21 -7.9 -0.9 4.6 -999.9 0.7 6.3 3.9 330.0
Harrington 2024 1 22 22 -12.6 0.0 6.6 -999.9 0.2 5.9 2.7 330.0
Harrington 2024 1 23 23 -11.0 0.1 6.4 -999.9 0.0 7.1 2.5 330.0
Harrington 2024 1 24 24 -12.2 -3.3 6.1 -999.9 0.0 4.2 2.4 330.0
Harrington 2024 1 25 25 -6.5 1.0 4.5 -999.9 4.2 6.6 4.1 330.0
Harrington 2024 1 26 26 -10.3 -3.8 4.3 -999.9 1.7 1.5 3.0 330.0
Harrington 2024 1 27 27 -4.5 -1.7 4.4 -999.9 0.7 1.7 4.3 330.0
Harrington 2024 1 28 28 -2.7 -1.2 3.9 -999.9 0.0 3.0 4.6 330.0
Harrington 2024 1 29 29 -8.0 -1.4 2.7 -999.9 0.8 9.4 3.7 330.0
Harrington 2024 1 30 30 -7.7 -6.0 6.0 -999.9 0.0 7.3 2.6 330.0
Harrington 2024 1 31 31 -9.3 -4.8 6.9 -999.9 0.0 2.8 2.8 330.0
Harrington 2024 2 1 32 -5.1 -0.9 4.4 -999.9 0.0 2.1 4.0 330.0
Harrington 2024 2 2 33 -3.3 0.0 3.0 -999.9 3.2 3.3 5.1 330.0
Harrington 2024 2 3 34 -5.2 -3.3 2.6 -999.9 4.4 11.1 4.1 330.0
Harrington 2024 2 4 35 -4.5 -1.6 2.4 -999.9 8.2 12.8 4.5 330.0
Harrington 2024 2 5 36 -1.6 -0.7 3.7 -999.9 2.4 9.7 5.4 330.0
Harrington 2024 2 6 37 -3.4 -0.7 5.1 -999.9 0.0 7.3 4.8 330.0
Harrington 2024 2 7 38 -5.7 -2.0 8.0 -999.9 0.0 4.4 3.8 330.0
Harrington 2024 2 8 39 -6.4 -1.3 9.2 -999.9 0.0 3.0 4.0 330.0
Harrington 2024 2 9 40 -7.3 0.3 8.0 -999.9 0.0 2.0 4.1 330.0
Harrington 2024 2 10 41 -3.6 3.0 7.9 -999.9 1.2 5.3 4.9 330.0
Harrington 2024 2 11 42 0.5 5.2 7.6 -999.9 0.0 3.3 6.7 330.0
Harrington 2024 2 12 43 -3.8 2.9 8.5 -999.9 0.0 2.8 4.3 330.0
Harrington 2024 2 13 44 -4.3 -1.5 8.7 -999.9 0.0 4.1 3.7 330.0
Harrington 2024 2 14 45 -7.2 -1.8 7.0 -999.9 2.5 7.6 3.3 330.0
Harrington 2024 2 15 46 -8.5 -1.8 7.7 -999.9 0.8 8.8 3.2 330.0
Harrington 2024 2 16 47 -10.1 -4.6 7.4 -999.9 0.0 3.7 2.6 330.0
Harrington 2024 2 17 48 -9.7 -4.7 10.1 -999.9 0.0 3.8 2.4 330.0
Harrington 2024 2 18 49 -11.9 -6.6 9.3 -999.9 0.9 5.7 2.0 330.0
Harrington 2024 2 19 50 -9.9 -2.0 9.6 -999.9 0.0 4.7 3.0 330.0
Harrington 2024 2 20 51 -12.3 -8.2 9.5 -999.9 0.0 4.2 1.6 330.0
Harrington 2024 2 21 52 -15.3 -6.3 11.8 -999.9 0.0 3.2 1.7 330.0
Harrington 2024 2 22 53 -11.2 -1.6 8.0 -999.9 0.0 2.6 3.2 330.0
Harrington 2024 2 23 54 -10.5 2.5 5.6 -999.9 7.4 4.7 4.2 330.0
Harrington 2024 2 24 55 -12.6 2.6 2.4 -999.9 20.5 4.9 3.9 330.0
Harrington 2024 2 25 56 -15.5 -7.3 10.6 -999.9 0.0 4.3 1.8 330.0
Harrington 2024 2 26 57 -11.1 0.9 9.9 -999.9 0.0 5.1 3.5 330.0
Harrington 2024 2 27 58 -5.2 4.1 11.4 -999.9 0.2 5.3 4.6 330.0
Harrington 2024 2 28 59 3.3 9.4 8.2 -999.9 5.8 10.0 9.0 330.0
Harrington 2024 2 29 60 -12.1 9.5 8.7 -999.9 17.2 10.8 4.5 330.0
Harrington 2024 3 1 61 -14.3 -7.3 12.8 -999.9 0.0 7.8 1.4 330.0
Harrington 2024 3 2 62 -10.1 6.0 13.9 -999.9 0.7 4.8 3.6 330.0
Harrington 2024 3 3 63 1.5 7.2 7.0 -999.9 11.4 4.1 7.9 330.0
Harrington 2024 3 4 64 -5.3 2.0 15.0 -999.9 0.0 5.8 4.3 330.0
Harrington 2024 3 5 65 -5.4 6.1 13.2 -999.9 2.7 5.7 4.7 330.0
Harrington 2024 3 6 66 -0.1 6.5 7.6 -999.9 23.6 3.7 7.4 330.0
Harrington 2024 3 7 67 -2.2 0.2 2.5 -999.9 23.1 1.5 5.4 330.0
Harrington 2024 3 8 68 -3.0 -0.8 11.2 -999.9 7.0 0.0 4.8 330.0
Harrington 2024 3 9 69 -2.8 1.6 16.7 -999.9 0.6 1.2 5.2 330.0
Harrington 2024 3 10 70 -2.6 1.4 6.4 -999.9 12.7 8.9 5.1 330.0
Harrington 2024 3 11 71 -0.3 6.9 12.4 -999.9 1.1 7.8 7.0 330.0
Harrington 2024 3 12 72 -1.6 -0.2 8.3 -999.9 3.0 5.6 5.6 330.0
Harrington 2024 3 13 73 -0.5 1.6 10.3 -999.9 0.0 6.3 6.1 330.0
Harrington 2024 3 14 74 -0.8 2.9 17.7 -999.9 0.0 3.3 5.9 330.0
Harrington 2024 3 15 75 -1.0 6.9 11.6 -999.9 0.4 2.7 6.6 330.0
Harrington 2024 3 16 76 -2.9 7.1 17.3 -999.9 0.3 2.6 5.8 330.0
Harrington 2024 3 17 77 0.3 5.4 10.9 -999.9 4.6 7.1 6.4 330.0
Harrington 2024 3 18 78 -0.6 8.1 15.7 -999.9 0.2 6.3 6.6 330.0
Harrington 2024 3 19 79 -2.6 2.6 13.6 -999.9 0.0 3.4 5.4 330.0
Harrington 2024 3 20 80 -2.2 5.5 16.4 -999.9 0.0 3.7 5.1 330.0
Harrington 2024 3 21 81 -3.6 3.6 9.7 -999.9 6.2 9.3 4.8 330.0
Harrington 2024 3 22 82 -6.5 0.4 16.6 -999.9 0.2 11.4 3.0 330.0
Harrington 2024 3 23 83 -6.9 3.6 12.7 -999.9 5.6 5.5 3.5 330.0
Harrington 2024 3 24 84 -1.8 9.4 14.9 -999.9 14.4 8.4 6.1 330.0
Harrington 2024 3 25 85 -2.5 2.1 19.1 -999.9 0.0 5.1 3.4 330.0
Harrington 2024 3 26 86 -2.6 4.8 13.6 -999.9 10.2 4.5 4.9 330.0
Harrington 2024 3 27 87 1.8 9.6 9.3 -999.9 0.0 6.4 8.6 330.0
Harrington 2024 3 28 88 3.5 13.9 5.4 -999.9 34.0 3.8 11.1 330.0
Harrington 2024 3 29 89 3.2 16.0 9.6 -999.9 22.8 4.2 11.7 330.0
Harrington 2024 3 30 90 -0.4 4.7 10.6 -999.9 1.3 8.8 6.1 330.0
Harrington 2024 3 31 91 -2.2 4.6 15.5 -999.9 0.0 4.8 4.2 330.0
Harrington 2024 4 1 92 -2.4 3.6 18.5 -999.9 0.0 3.9 4.0 330.0
Harrington 2024 4 2 93 -2.4 1.8 12.0 -999.9 0.5 4.3 5.2 330.0
Harrington 2024 4 3 94 -1.1 3.5 19.2 -999.9 0.0 6.5 5.8 330.0
Harrington 2024 4 4 95 -0.9 4.5 8.3 -999.9 7.3 6.4 5.9 330.0
Harrington 2024 4 5 96 0.4 5.5 7.8 -999.9 4.3 7.2 7.1 330.0
Harrington 2024 4 6 97 0.2 2.5 8.6 -999.9 2.5 4.9 6.4 330.0
Harrington 2024 4 7 98 -0.7 3.5 14.4 -999.9 0.0 8.3 6.0 330.0
Harrington 2024 4 8 99 -1.1 13.2 22.6 -999.9 0.0 4.0 6.1 330.0
Harrington 2024 4 9 100 -3.8 1.4 13.5 -999.9 0.0 6.7 4.6 330.0
Harrington 2024 4 10 101 -3.6 6.5 24.2 -999.9 0.0 2.7 4.3 330.0
Harrington 2024 4 11 102 -1.6 11.4 17.3 -999.9 0.0 5.6 5.9 330.0
Harrington 2024 4 12 103 3.3 13.5 10.6 -999.9 4.6 9.0 9.9 330.0
Harrington 2024 4 13 104 5.7 16.2 11.2 -999.9 6.7 9.0 12.1 330.0
Harrington 2024 4 14 105 5.0 9.6 10.2 -999.9 0.0 7.2 8.0 330.0
Harrington 2024 4 15 106 4.2 11.7 13.7 -999.9 0.0 4.1 8.4 330.0
Harrington 2024 4 16 107 2.6 14.3 21.8 -999.9 0.0 2.5 8.1 330.0
Harrington 2024 4 17 108 1.6 5.7 11.7 -999.9 0.0 3.9 7.0 330.0
Harrington 2024 4 18 109 -0.7 5.5 23.9 -999.9 0.0 5.8 6.0 330.0
Harrington 2024 4 19 110 -0.2 6.4 24.0 -999.9 0.0 4.0 5.5 330.0
Harrington 2024 4 20 111 2.4 7.8 7.1 -999.9 6.8 6.4 7.0 330.0
Harrington 2024 4 21 112 3.4 13.2 24.3 -999.9 0.2 3.9 7.7 330.0
Harrington 2024 4 22 113 -2.8 9.0 23.9 -999.9 0.0 5.1 5.0 330.0
Harrington 2024 4 23 114 -3.6 11.8 26.0 -999.9 0.0 5.5 4.2 330.0
Harrington 2024 4 24 115 -0.9 11.7 18.1 -999.9 1.8 3.3 6.8 330.0
Harrington 2024 4 25 116 -2.9 5.1 20.9 -999.9 0.0 7.9 4.0 330.0
Harrington 2024 4 26 117 -3.3 5.8 26.1 -999.9 0.0 2.2 3.8 330.0
Harrington 2024 4 27 118 -4.4 7.3 27.3 -999.9 0.0 2.4 4.2 330.0
Harrington 2024 4 28 119 -4.6 13.5 27.0 -999.9 0.0 1.2 4.6 330.0
Harrington 2024 4 29 120 2.3 8.0 12.0 -999.9 1.4 5.8 6.6 330.0
Harrington 2024 4 30 121 1.5 3.4 14.4 -999.9 0.2 9.7 6.0 330.0
Harrington 2024 5 1 122 2.4 5.7 17.0 -999.9 0.0 4.6 7.3 330.0
Harrington 2024 5 2 123 2.6 4.8 11.0 -999.9 2.7 4.7 7.8 330.0
Harrington 2024 5 3 124 2.4 4.7 9.0 -999.9 1.5 7.6 7.7 330.0
Harrington 2024 5 4 125 0.9 9.3 20.2 -999.9 0.0 4.4 7.8 330.0
Harrington 2024 5 5 126 1.2 14.3 23.2 -999.9 0.0 2.2 8.1 330.0
Harrington 2024 5 6 127 5.2 13.4 11.8 -999.9 1.7 6.1 10.1 330.0
Harrington 2024 5 7 128 5.5 14.3 26.5 -999.9 1.3 3.4 9.0 330.0
Harrington 2024 5 8 129 3.4 7.6 17.0 -999.9 0.2 3.5 7.5 330.0
Harrington 2024 5 9 130 2.8 6.4 9.5 -999.9 8.3 5.6 8.0 330.0
Harrington 2024 5 10 131 1.5 8.4 19.1 -999.9 0.0 4.3 7.7 330.0
Harrington 2024 5 11 132 0.9 9.7 20.1 -999.9 0.2 2.5 7.7 330.0
Harrington 2024 5 12 133 1.7 8.1 14.0 -999.9 0.0 5.6 7.6 330.0
Harrington 2024 5 13 134 -0.1 16.0 28.1 -999.9 0.0 1.5 7.9 330.0
Harrington 2024 5 14 135 2.8 17.9 28.3 -999.9 0.0 2.0 7.7 330.0
Harrington 2024 5 15 136 6.0 20.6 27.4 -999.9 0.0 2.1 10.4 330.0
Harrington 2024 5 16 137 5.9 18.5 22.5 -999.9 0.0 3.0 11.3 330.0
Harrington 2024 5 17 138 5.6 14.6 27.0 -999.9 0.0 3.4 10.7 330.0
Harrington 2024 5 18 139 6.4 18.5 22.0 -999.9 0.0 3.5 11.9 330.0
Harrington 2024 5 19 140 7.4 16.3 14.1 -999.9 0.0 5.0 11.5 330.0
Harrington 2024 5 20 141 6.7 20.0 25.4 -999.9 0.0 3.6 10.5 330.0
Harrington 2024 5 21 142 10.2 22.8 20.6 -999.9 0.8 6.6 14.2 330.0
Harrington 2024 5 22 143 9.8 22.2 13.2 -999.9 0.0 2.9 14.6 330.0
Harrington 2024 5 23 144 9.6 27.0 18.9 -999.9 3.8 3.0 17.5 330.0
Harrington 2024 5 24 145 11.7 25.1 25.9 -999.9 0.4 5.1 15.4 330.0
Harrington 2024 5 25 146 6.0 13.9 17.6 -999.9 0.0 4.0 10.5 330.0
Harrington 2024 5 26 147 3.4 12.7 16.4 -999.9 0.0 2.7 9.2 330.0
Harrington 2024 5 27 148 3.0 16.3 26.1 -999.9 0.0 3.7 9.5 330.0
Harrington 2024 5 28 149 9.8 18.3 9.8 -999.9 6.1 9.6 14.6 330.0
Harrington 2024 5 29 150 8.8 22.1 23.9 -999.9 0.0 5.5 14.3 330.0
Harrington 2024 5 30 151 7.3 16.8 27.9 -999.9 0.0 1.9 9.7 330.0
Harrington 2024 5 31 152 5.7 14.6 19.9 -999.9 0.0 2.6 9.9 330.0
Harrington 2024 6 1 153 5.9 10.9 13.4 -999.9 0.6 6.5 9.5 330.0
Harrington 2024 6 2 154 7.4 10.0 9.8 -999.9 8.5 7.7 10.5 330.0
Harrington 2024 6 3 155 7.5 12.5 19.4 -999.9 0.0 4.4 12.0 330.0
Harrington 2024 6 4 156 8.9 14.0 25.5 -999.9 0.0 5.3 12.7 330.0
Harrington 2024 6 5 157 8.7 16.2 18.0 -999.9 0.0 5.8 12.7 330.0
Harrington 2024 6 6 158 6.0 15.8 21.4 -999.9 0.0 2.3 12.1 330.0
Harrington 2024 6 7 159 6.2 19.1 22.7 -999.9 0.0 2.3 13.4 330.0
Harrington 2024 6 8 160 9.6 19.6 12.4 -999.9 7.4 3.3 15.3 330.0
Harrington 2024 6 9 161 12.8 21.0 17.8 -999.9 3.7 4.6 16.7 330.0
Harrington 2024 6 10 162 12.4 20.4 22.4 -999.9 0.0 6.3 14.8 330.0
Harrington 2024 6 11 163 11.3 19.1 22.3 -999.9 0.0 2.7 15.0 330.0
Harrington 2024 6 12 164 10.7 22.6 20.6 -999.9 0.0 1.0 16.1 330.0
Harrington 2024 6 13 165 12.6 24.5 28.1 -999.9 0.0 4.9 16.1 330.0
Harrington 2024 6 14 166 13.5 27.3 25.3 -999.9 0.0 6.5 17.5 330.0
Harrington 2024 6 15 167 9.4 17.1 5.5 -999.9 11.3 2.7 13.8 330.0
Harrington 2024 6 16 168 9.4 19.0 31.0 -999.9 0.0 4.4 10.6 330.0
Harrington 2024 6 17 169 11.1 23.4 28.2 -999.9 0.0 6.4 11.8 330.0
Harrington 2024 6 18 170 14.5 26.2 23.8 -999.9 0.0 6.3 16.4 330.0
Harrington 2024 6 19 171 17.6 31.5 27.5 -999.9 0.0 6.8 23.4 330.0
Harrington 2024 6 20 172 18.9 31.8 21.5 -999.9 0.0 5.0 24.6 330.0
Harrington 2024 6 21 173 13.7 23.7 23.0 -999.9 0.0 3.3 12.2 330.0
Harrington 2024 6 22 174 11.3 25.0 26.3 -999.9 0.2 3.3 13.4 330.0
Harrington 2024 6 23 175 13.7 20.6 13.7 -999.9 24.6 6.0 17.2 330.0
Harrington 2024 6 24 176 14.5 19.4 11.8 -999.9 1.6 4.8 18.2 330.0
Harrington 2024 6 25 177 13.4 16.9 10.2 -999.9 23.3 4.5 16.6 330.0
Harrington 2024 6 26 178 13.4 26.5 20.8 -999.9 0.0 5.6 19.3 330.0
Harrington 2024 6 27 179 16.0 19.3 9.3 -999.9 9.4 4.7 18.1 330.0
Harrington 2024 6 28 180 9.4 17.8 21.1 -999.9 0.0 3.6 13.0 330.0
Harrington 2024 6 29 181 10.2 22.1 21.2 -999.9 0.0 4.8 13.8 330.0
Harrington 2024 6 30 182 12.9 21.9 14.0 -999.9 0.7 7.2 17.5 330.0
Harrington 2024 7 1 183 12.9 18.9 17.4 -999.9 0.0 2.4 16.1 330.0
Harrington 2024 7 2 184 14.7 21.4 29.3 -999.9 0.2 0.8 14.0 330.0
Harrington 2024 7 3 185 12.6 26.6 28.1 -999.9 0.0 1.3 13.3 330.0
Harrington 2024 7 4 186 14.8 23.7 15.6 -999.9 0.0 4.2 15.0 330.0
Harrington 2024 7 5 187 15.0 25.3 20.8 -999.9 0.0 5.1 18.5 330.0
Harrington 2024 7 6 188 16.3 20.0 7.2 -999.9 3.8 5.0 19.3 330.0
Harrington 2024 7 7 189 17.9 24.0 17.0 -999.9 0.3 1.4 23.5 330.0
Harrington 2024 7 8 190 17.3 28.9 24.0 -999.9 0.0 2.2 24.0 330.0
Harrington 2024 7 9 191 19.2 28.1 20.8 -999.9 0.6 4.3 24.2 330.0
Harrington 2024 7 10 192 19.2 28.4 25.2 -999.9 1.3 3.7 24.5 330.0
Harrington 2024 7 11 193 19.6 22.8 5.4 -999.9 29.6 1.9 24.6 330.0
Harrington 2024 7 12 194 18.1 23.3 13.2 -999.9 0.0 2.6 23.2 330.0
Harrington 2024 7 13 195 18.8 28.7 22.7 -999.9 0.0 4.5 25.1 330.0
Harrington 2024 7 14 196 18.8 28.9 26.0 -999.9 0.0 2.5 24.3 330.0
Harrington 2024 7 15 197 19.4 30.1 22.3 -999.9 0.0 3.7 23.5 330.0
Harrington 2024 7 16 198 19.5 28.1 17.8 -999.9 4.4 4.4 25.4 330.0
Harrington 2024 7 17 199 19.6 26.4 20.6 -999.9 0.4 4.1 24.8 330.0
Harrington 2024 7 18 200 19.1 23.9 9.9 -999.9 2.3 4.8 23.6 330.0
Harrington 2024 7 19 201 17.0 26.1 27.2 -999.9 0.0 4.0 19.2 330.0
Harrington 2024 7 20 202 15.8 26.7 26.7 -999.9 0.0 3.4 17.4 330.0
Harrington 2024 7 21 203 14.1 23.3 21.8 -999.9 0.0 2.6 17.4 330.0
Harrington 2024 7 22 204 13.6 24.1 24.0 -999.9 0.0 4.4 14.7 330.0
Harrington 2024 7 23 205 14.2 22.7 12.8 -999.9 0.0 1.5 17.2 330.0
Harrington 2024 7 24 206 15.1 23.4 22.0 -999.9 0.0 1.1 16.9 330.0
Harrington 2024 7 25 207 15.2 25.0 18.4 -999.9 5.0 3.0 18.3 330.0
Harrington 2024 7 26 208 14.1 22.5 18.3 -999.9 0.2 3.8 18.3 330.0
Harrington 2024 7 27 209 13.3 24.3 25.3 -999.9 0.0 1.0 16.0 330.0
Harrington 2024 7 28 210 15.5 28.0 23.4 -999.9 0.0 4.7 17.9 330.0
Harrington 2024 7 29 211 15.7 29.2 24.5 -999.9 0.0 5.2 20.9 330.0
Harrington 2024 7 30 212 16.0 24.7 19.7 -999.9 0.0 4.2 19.4 330.0
Harrington 2024 7 31 213 18.8 28.4 23.5 -999.9 0.0 5.5 23.0 330.0
Harrington 2024 8 1 214 20.4 26.7 16.6 -999.9 9.8 5.4 25.9 330.0
Harrington 2024 8 2 215 20.4 28.7 24.3 -999.9 0.0 2.0 26.5 330.0
Harrington 2024 8 3 216 20.3 28.2 14.2 -999.9 0.0 4.1 25.1 330.0
Harrington 2024 8 4 217 20.4 26.8 19.0 -999.9 0.0 2.9 26.2 330.0
Harrington 2024 8 5 218 17.4 25.8 19.3 -999.9 9.8 2.7 22.0 330.0
Harrington 2024 8 6 219 14.8 21.4 18.4 -999.9 11.4 2.9 16.5 330.0
Harrington 2024 8 7 220 14.5 23.7 24.5 -999.9 0.0 2.8 15.9 330.0
Harrington 2024 8 8 221 13.1 23.5 24.9 -999.9 0.0 1.6 12.5 330.0
Harrington 2024 8 9 222 14.7 22.0 9.5 -999.9 1.5 3.7 17.1 330.0
Harrington 2024 8 10 223 19.4 24.2 8.8 -999.9 8.6 6.0 24.9 330.0
Harrington 2024 8 11 224 16.1 27.0 24.0 -999.9 0.0 4.0 19.5 330.0
Harrington 2024 8 12 225 14.3 25.9 22.4 -999.9 0.0 3.4 17.8 330.0
Harrington 2024 8 13 226 13.8 23.5 18.6 -999.9 0.0 2.1 18.8 330.0
Harrington 2024 8 14 227 12.1 20.7 22.9 -999.9 0.0 3.2 15.1 330.0
Harrington 2024 8 15 228 11.1 23.9 23.5 -999.9 0.7 0.4 15.1 330.0
Harrington 2024 8 16 229 13.2 25.2 22.2 -999.9 0.0 2.0 17.2 330.0
Harrington 2024 8 17 230 15.1 25.8 22.6 -999.9 0.0 3.3 16.9 330.0
Harrington 2024 8 18 231 14.4 23.3 20.4 -999.9 0.0 4.2 17.6 330.0
Harrington 2024 8 19 232 17.2 27.0 14.1 -999.9 0.2 1.0 24.2 330.0
Harrington 2024 8 20 233 19.9 27.0 16.7 -999.9 20.3 3.9 25.6 330.0
Harrington 2024 8 21 234 18.2 21.1 11.1 -999.9 0.7 3.2 21.9 330.0
Harrington 2024 8 22 235 16.0 22.6 21.6 -999.9 0.2 2.4 17.6 330.0
Harrington 2024 8 23 236 14.4 21.7 16.4 -999.9 0.0 2.5 16.6 330.0
Harrington 2024 8 24 237 14.3 26.5 22.1 -999.9 0.0 3.7 17.4 330.0
Harrington 2024 8 25 238 16.7 28.3 21.6 -999.9 0.3 1.9 20.2 330.0
Harrington 2024 8 26 239 16.2 25.0 14.8 -999.9 0.0 1.8 19.5 330.0
Harrington 2024 8 27 240 16.2 25.9 21.4 -999.9 0.0 3.9 19.8 330.0
Harrington 2024 8 28 241 17.5 21.3 5.9 -999.9 6.7 5.5 19.1 330.0
Harrington 2024 8 29 242 8.6 17.7 17.1 -999.9 0.0 5.4 10.0 330.0
Harrington 2024 8 30 243 8.0 22.0 21.6 -999.9 0.0 2.9 11.6 330.0
Harrington 2024 8 31 244 12.0 23.1 21.5 -999.9 0.0 5.1 15.0 330.0
Harrington 2024 9 1 245 16.0 24.0 11.1 -999.9 0.0 6.4 19.6 330.0
Harrington 2024 9 2 246 10.3 20.0 15.0 -999.9 0.0 3.4 14.1 330.0
Harrington 2024 9 3 247 11.7 18.1 19.4 -999.9 0.0 3.4 10.8 330.0
Harrington 2024 9 4 248 10.5 22.6 20.3 -999.9 0.0 2.6 12.3 330.0
Harrington 2024 9 5 249 13.3 25.9 20.3 -999.9 0.0 4.7 16.6 330.0
Harrington 2024 9 6 250 13.3 20.9 11.6 -999.9 0.0 3.0 14.4 330.0
Harrington 2024 9 7 251 16.1 19.4 3.7 -999.9 14.5 6.0 19.0 330.0
Harrington 2024 9 8 252 12.0 21.9 11.0 -999.9 4.1 5.5 17.4 330.0
Harrington 2024 9 9 253 8.6 18.4 16.7 -999.9 0.2 3.2 11.8 330.0
Harrington 2024 9 10 254 11.5 20.7 19.5 -999.9 0.0 3.4 12.8 330.0
Harrington 2024 9 11 255 10.3 20.6 18.7 -999.9 0.0 2.1 13.7 330.0
Harrington 2024 9 12 256 10.6 20.1 18.6 -999.9 0.2 1.9 13.3 330.0
Harrington 2024 9 13 257 13.7 24.1 17.0 -999.9 0.2 3.0 17.8 330.0
Harrington 2024 9 14 258 7.9 16.9 15.5 -999.9 0.0 4.5 10.8 330.0
Harrington 2024 9 15 259 8.5 21.9 18.3 -999.9 0.0 2.0 12.6 330.0
Harrington 2024 9 16 260 13.4 26.0 17.9 -999.9 0.0 5.1 17.6 330.0
Harrington 2024 9 17 261 17.1 27.5 17.5 -999.9 0.0 4.7 20.2 330.0
Harrington 2024 9 18 262 15.4 28.6 17.0 -999.9 0.2 2.1 19.3 330.0
Harrington 2024 9 19 263 13.8 20.4 7.4 -999.9 0.0 4.1 16.8 330.0
Harrington 2024 9 20 264 10.6 19.0 16.4 -999.9 0.0 5.0 12.0 330.0
Harrington 2024 9 21 265 9.2 19.2 15.4 -999.9 0.0 2.3 12.5 330.0
Harrington 2024 9 22 266 8.7 17.9 13.1 -999.9 0.0 2.0 12.6 330.0
Harrington 2024 9 23 267 8.4 16.8 12.8 -999.9 0.0 1.5 10.8 330.0
Harrington 2024 9 24 268 9.4 17.1 9.9 -999.9 0.4 2.9 11.9 330.0
Harrington 2024 9 25 269 10.2 16.8 8.9 -999.9 0.0 1.5 12.4 330.0
Harrington 2024 9 26 270 10.2 17.0 7.0 -999.9 5.6 2.0 13.0 330.0
Harrington 2024 9 27 271 12.5 14.7 3.6 -999.9 17.8 3.7 14.9 330.0
Harrington 2024 9 28 272 11.7 16.7 13.3 -999.9 1.5 4.8 13.8 330.0
Harrington 2024 9 29 273 10.4 18.0 14.9 -999.9 0.0 1.0 13.0 330.0
Harrington 2024 9 30 274 12.1 16.4 7.4 -999.9 0.0 4.1 13.9 330.0
Harrington 2024 10 1 275 12.0 15.8 9.8 -999.9 0.0 5.2 11.6 330.0
Harrington 2024 10 2 276 12.1 14.6 11.0 -999.9 0.1 1.0 12.1 330.0
Harrington 2024 10 3 277 7.2 17.6 14.3 -999.9 0.2 1.9 11.5 330.0
Harrington 2024 10 4 278 10.5 20.3 12.2 -999.9 0.0 2.0 14.8 330.0
Harrington 2024 10 5 279 12.2 16.4 4.1 -999.9 0.5 0.5 15.0 330.0
Harrington 2024 10 6 280 11.7 15.9 7.5 -999.9 0.8 1.9 14.2 330.0
Harrington 2024 10 7 281 10.4 17.2 11.0 -999.9 0.0 2.3 12.9 330.0
Harrington 2024 10 8 282 10.9 16.8 7.1 -999.9 28.8 5.7 13.3 330.0
Harrington 2024 10 9 283 7.2 13.8 12.3 -999.9 0.0 3.3 9.6 330.0
Harrington 2024 10 10 284 5.2 12.8 9.8 -999.9 0.0 2.8 9.2 330.0
Harrington 2024 10 11 285 7.2 12.5 5.6 -999.9 0.0 5.1 8.5 330.0
Harrington 2024 10 12 286 7.6 12.1 3.7 -999.9 8.6 5.0 10.1 330.0
Harrington 2024 10 13 287 6.7 12.5 7.9 -999.9 0.0 4.9 8.1 330.0
Harrington 2024 10 14 288 7.1 16.4 1.7 -999.9 25.3 4.1 12.8 330.0
Harrington 2024 10 15 289 5.7 15.3 8.4 -999.9 0.0 5.9 9.7 330.0
Harrington 2024 10 16 290 4.0 8.5 5.6 -999.9 4.5 4.9 7.6 330.0
Harrington 2024 10 17 291 1.7 11.4 12.2 -999.9 0.0 3.7 7.1 330.0
Harrington 2024 10 18 292 3.2 11.4 11.2 -999.9 0.0 3.0 7.7 330.0
Harrington 2024 10 19 293 4.7 17.6 11.4 -999.9 0.0 3.9 9.8 330.0
Harrington 2024 10 20 294 8.4 18.5 9.9 -999.9 0.0 4.3 10.0 330.0
Harrington 2024 10 21 295 10.6 19.1 10.2 -999.9 0.0 4.2 11.1 330.0
Harrington 2024 10 22 296 5.8 11.7 11.2 -999.9 0.0 2.4 8.0 330.0
Harrington 2024 10 23 297 9.5 18.7 10.6 -999.9 0.0 6.6 13.2 330.0
Harrington 2024 10 24 298 9.1 15.7 6.2 -999.9 0.0 5.5 12.2 330.0
Harrington 2024 10 25 299 6.5 9.5 3.6 -999.9 0.0 9.8 8.4 330.0
Harrington 2024 10 26 300 2.2 12.2 6.8 -999.9 0.0 4.0 7.1 330.0
Harrington 2024 10 27 301 -0.4 6.5 6.9 -999.9 0.0 5.0 4.4 330.0
Harrington 2024 10 28 302 -0.4 5.5 7.6 -999.9 0.2 4.8 4.9 330.0
Harrington 2024 10 29 303 -3.8 6.8 8.5 -999.9 0.4 3.0 4.6 330.0
Harrington 2024 10 30 304 -2.7 9.8 3.7 -999.9 0.2 4.9 5.7 330.0
Harrington 2024 10 31 305 9.8 17.7 6.7 -999.9 0.0 6.5 13.2 330.0
Harrington 2024 11 1 306 5.6 14.9 2.3 -999.9 9.1 5.0 11.3 330.0
Harrington 2024 11 2 307 2.6 6.0 5.5 -999.9 0.0 4.3 5.6 330.0
Harrington 2024 11 3 308 2.3 4.3 3.5 -999.9 0.2 4.0 4.9 330.0
Harrington 2024 11 4 309 -0.3 6.3 8.5 -999.9 0.0 2.3 4.9 330.0
Harrington 2024 11 5 310 2.5 11.4 2.1 -999.9 3.3 4.6 9.0 330.0
Harrington 2024 11 6 311 7.2 17.9 3.1 -999.9 0.2 5.6 12.8 330.0
Harrington 2024 11 7 312 3.7 7.9 5.5 -999.9 0.0 3.8 6.3 330.0
Harrington 2024 11 8 313 -0.2 9.2 3.1 -999.9 0.9 4.9 6.4 330.0
Harrington 2024 11 9 314 0.3 4.5 5.0 -999.9 3.2 9.0 5.1 330.0
Harrington 2024 11 10 315 -1.1 6.6 7.9 -999.9 0.0 5.2 4.6 330.0
Harrington 2024 11 11 316 3.6 11.8 1.6 -999.9 7.3 4.6 8.8 330.0
Harrington 2024 11 12 317 1.6 9.9 2.3 -999.9 17.6 5.1 8.8 330.0
Harrington 2024 11 13 318 0.0 2.2 6.2 -999.9 0.2 12.4 4.4 330.0
Harrington 2024 11 14 319 0.4 2.5 3.2 -999.9 4.1 11.0 5.4 330.0
Harrington 2024 11 15 320 2.5 7.3 3.6 -999.9 12.4 8.4 8.5 330.0
Harrington 2024 11 16 321 5.6 6.9 4.0 -999.9 3.9 4.3 9.3 330.0
Harrington 2024 11 17 322 4.6 5.7 4.5 -999.9 1.8 6.5 8.7 330.0
Harrington 2024 11 18 323 4.0 4.8 2.7 -999.9 10.8 7.5 8.1 330.0
Harrington 2024 11 19 324 4.6 6.3 3.2 -999.9 19.4 8.6 8.8 330.0
Harrington 2024 11 20 325 5.0 6.1 2.6 -999.9 4.1 7.7 8.6 330.0
Harrington 2024 11 21 326 4.9 6.4 3.7 -999.9 1.9 7.6 8.7 330.0
Harrington 2024 11 22 327 5.4 8.0 3.9 -999.9 3.6 5.9 9.0 330.0
Harrington 2024 11 23 328 5.6 9.1 0.8 -999.9 41.7 9.0 9.5 330.0
Harrington 2024 11 24 329 2.6 7.2 2.2 -999.9 8.7 5.1 8.2 330.0
Harrington 2024 11 25 330 2.3 5.7 2.8 -999.9 8.9 7.1 7.8 330.0
Harrington 2024 11 26 331 2.7 5.0 3.6 -999.9 0.9 4.2 7.6 330.0
Harrington 2024 11 27 332 0.8 6.2 2.8 -999.9 0.9 2.1 7.3 330.0
Harrington 2024 11 28 333 -0.7 5.5 4.7 -999.9 3.2 2.9 5.8 330.0
Harrington 2024 11 29 334 0.2 4.0 3.5 -999.9 12.8 6.1 6.6 330.0
Harrington 2024 11 30 335 -1.7 3.9 5.3 -999.9 0.0 3.0 5.6 330.0
Harrington 2024 12 1 336 -2.8 2.3 5.6 -999.9 0.2 3.4 4.4 330.0
Harrington 2024 12 2 337 -5.2 1.4 6.1 -999.9 0.5 1.8 4.2 330.0
Harrington 2024 12 3 338 -5.6 -0.6 4.4 -999.9 0.5 2.7 4.0 330.0
Harrington 2024 12 4 339 -8.5 -2.3 4.0 -999.9 0.2 2.4 3.2 330.0
Harrington 2024 12 5 340 -6.1 5.2 0.4 -999.9 9.1 5.4 5.2 330.0
Harrington 2024 12 6 341 -6.5 0.6 2.1 -999.9 0.6 8.0 3.9 330.0
Harrington 2024 12 7 342 -10.0 -6.4 4.0 -999.9 0.2 5.3 2.3 330.0
Harrington 2024 12 8 343 -11.9 1.7 1.9 -999.9 3.5 5.3 3.5 330.0
Harrington 2024 12 9 344 -6.8 -1.7 3.5 -999.9 0.0 4.9 3.5 330.0
Harrington 2024 12 10 345 -3.1 1.3 2.2 -999.9 2.1 2.3 4.7 330.0
Harrington 2024 12 11 346 0.3 12.9 1.6 -999.9 6.6 4.3 9.6 330.0
Harrington 2024 12 12 347 0.8 14.0 1.7 -999.9 3.7 8.7 8.5 330.0
Harrington 2024 12 13 348 -6.3 1.3 4.7 -999.9 0.0 5.0 2.9 330.0
Harrington 2024 12 14 349 -7.1 -3.3 4.2 -999.9 0.0 4.3 2.7 330.0
Harrington 2024 12 15 350 -6.2 -1.6 5.3 -999.9 0.0 3.6 3.1 330.0
Harrington 2024 12 16 351 -7.6 2.3 5.7 -999.9 0.0 3.8 3.6 330.0
Harrington 2024 12 17 352 -0.8 8.7 1.7 -999.9 2.7 6.3 7.4 330.0
Harrington 2024 12 18 353 1.6 6.2 5.2 -999.9 0.0 4.2 6.5 330.0
Harrington 2024 12 19 354 -3.7 2.3 1.4 -999.9 7.6 4.1 5.1 330.0
Harrington 2024 12 20 355 -4.9 -0.9 3.5 -999.9 0.3 3.4 3.8 330.0
Harrington 2024 12 21 356 -7.7 -0.2 0.4 -999.9 8.3 9.5 4.2 330.0
Harrington 2024 12 22 357 -9.8 -6.5 2.0 -999.9 1.2 5.4 2.7 330.0
Harrington 2024 12 23 358 -14.1 -7.9 2.8 -999.9 1.1 3.7 2.1 330.0
Harrington 2024 12 24 359 -13.8 -2.7 1.3 -999.9 5.5 4.3 2.9 330.0
Harrington 2024 12 25 360 -5.6 -0.5 2.8 -999.9 0.0 4.1 4.2 330.0
Harrington 2024 12 26 361 -1.3 -0.6 2.5 -999.9 0.0 5.7 4.5 330.0
Harrington 2024 12 27 362 -10.2 0.0 4.5 -999.9 0.0 2.5 3.5 330.0
Harrington 2024 12 28 363 -9.8 1.6 3.4 -999.9 0.0 1.6 4.0 330.0
Harrington 2024 12 29 364 -6.5 1.7 1.4 -999.9 0.0 1.6 4.9 330.0
Harrington 2024 12 30 365 1.1 7.3 1.8 -999.9 0.6 4.7 8.0 330.0
Harrington 2024 12 31 366 -1.3 7.9 4.4 -999.9 3.8 4.7 7.2 330.0
